20156900
17716100
34258600
80524100
129867200
173140600
241180500
323292100
427480600
503049800
683979700
819231800
1008188500
1276155200
1209271400
1390357700
1629266500
1802253400
2154667100
2405516800
2448122900
2873257600
3273137500
3403138600
3509377800
4106951000
4230119100
4750584800
5528334200
5892613800
5935140500
6219915500
6767887200
6689505700
7143656900
7980264900
7998077300
8568143500
9330865200
9542250700
9357543100
11025079500
11481031000
11726549500
13066421200
13053779400
13864845500
14357694700
14446564000
15166145100

978000
1904800
2539500
1693200
1854600
1048000
735200
1071500
990800
1462900
1527900
1437700
1715400
1822300
1455300
1697100
1604900
2007300
2165800
2747600
1952300
2388400
2251700
2726000
2197400
3023200
2735500
3700200
2631900
3450600
3441500
4027900
3581900
3026200
3266500
3799800
3582600
4042900
4113200
4105700
3568900
4239400
4387500
5271700
4290500
4099100
4688400
4348100
4486400
5075600

977600
811800
534500
649400
940400
778300
1175600
1156800
1331300
1703400
1752000
2019700
2359500
2456200
2650600
3751800
3757900
3712900
4269200
4670600
4448500
5286200
5158700
5498500
5848600
6385500
6575400
11156600
7416200
8762600
8645600
10764000
9174200
10319700
10049000
10959100
11863700
11474700
12734700
12909800
13116300
14248700
15388600
19263300
16167400
16091400
17115100
19083700
18298200
19915100
