
3916700
5769100
200201
13057799
41488001
3972699
1365900
13135700
4049300
1369200
53900
74121700
44240900
7956100
2773999
1842400
26999
185500
9843300
97600
547100
41652001
40076900
53322801
520300
60309900
33703700
30103200
35453400
9341700
9000
1624199
38430200
351000
21331900
7239199
302700
491600
58000
5719500
3606600
30026700
1555600
24572901
140199
8391400
2303400
67300
6881799
17367600
68635599
2733099
1919800
2410399
29579300
31200
26300
5060100
52496500
1342600
20713500
6985100
10216701
23035900
22817500
15751500
22055300
5318699
23889801
19957400
5335100
1736400
13901199
3178000
32988300
30257100
63946099
1845099
2819000
55741900
211800
46530900
13428599
797100
32661900
2978100
41965200
31887000
32709100
14518400
392800
9576900
901300
14163600
28761601
30159999
6624900
73374401
4093200
689400

39
97
24
210
357
132
86
234
143
84
10
495
409
233
146
120
11
34
229
31
66
414
447
489
68
496
415
361
381
236
6
114
429
61
345
228
56
71
14
203
174
389
122
370
39
232
144
28
225
314
489
161
140
154
406
16
18
208
479
118
357
233
273
374
370
319
367
216
375
357
203
130
305
175
420
410
493
140
166
499
52
472
311
98
430
168
464
420
416
316
71
272
102
308
402
407
233
500
174
79

51202200
843700
17948300
4458800
32181000
24496000
7265600
17410500
7997400
60950600
21000900
6014000
24150900
24686300
8727900
9734500
1365400
4197800
3191800
735600
329300
3776000
11154600
15778400
7459600
317300
6891900
3050400
19027600
9758600
14606700
37198100
295600
55855300
21617200
14863100
11083600
4678700
7751600
28472900
122600
12646600
34153400
8343400
50004700
26977500
18055800
27483300
54682000
9882500
139000
5160000
3652400
17956400
448500
2560000
8691500
569500
11587800
640600
1536800
23223000
15500
3693900
1285800
10915500
13800
930800
9539700
8635200
2446500
54647600
271900
29113500
19219600
32267500
2101200
29643400
9060100
659600
2000
48142000
242500
36094500
1419900
16957200
457400
33368400
34721700
10109900
39481600
46999000
23034600
30024400
1181700
12944400
2868400
1762500
23290900
4168300

302
63
266
156
352
349
224
326
240
484
356
223
382
370
255
248
116
177
151
77
58
172
240
284
222
59
209
157
323
255
304
427
55
486
351
307
273
193
238
391
24
283
412
167
475
391
339
402
490
280
43
208
181
344
73
158
250
83
295
88
130
382
11
183
114
281
10
104
271
260
154
489
54
402
355
363
141
407
267
89
2
471
56
443
125
331
75
429
425
271
452
467
378
419
115
306
168
138
367
188

73827400
2039800
17086300
9076300
1547600
57259300
32808900
4587700
8070800
2879600
64100
1023900
76520600
5285000
12664800
4700800
54643900
393200
20618700
31833800
33737400
60400
1322100
60818800
18057200
4891800
13186900
149900
4808400
34632600
4511700
774200
6786500
31400
645700
29820800
6300
756300
2595200
12615500
31021400
13915800
49500
27616900
4096300
2649900
272400
73070100
124800
2452500
5574400
48829900
12920000
60435400
36922600
23195200
723700
61460000
16114300
6368300
56308600
59074900
40400
390700
5469600
13130800
29603100
40141700
29610600
14203200
649200
65421900
876600
21288300
24428400
14279000
41600
3652900
12533300
31240900
12571300
2215600
53776400
7013200
6548500
8755900
25416600
1237600
47056600
391600
46142700
50977000
6334600
13766100
28948700
50731300
8157700
6272600
44351000
694400

339
93
216
190
68
446
376
179
224
149
27
100
500
193
270
183
458
63
326
365
383
22
102
471
301
181
265
38
180
377
173
83
203
16
78
360
3
77
135
259
373
273
16
352
167
142
51
497
34
135
190
391
273
423
392
336
86
471
297
208
467
472
19
65
197
283
370
414
373
285
80
487
89
206
346
282
20
172
271
380
276
137
460
165
213
235
354
108
443
65
341
384
202
282
371
456
234
207
419
84

14405600
75210200
19778000
15184500
11742100
76296400
41222400
1914700
33800
11056100
612000
7274800
21521700
48271400
20000
65139900
1683900
29973800
1844200
19874800
1123500
3649200
34029800
207300
4405300
972200
49149100
5309200
14096800
15776600
21900
16866800
8451500
13279500
4765500
2304400
35451700
18602000
2403500
53040800
984800
3519200
699700
36329900
56085200
126200
57934200
21272300
2358000
3082500
2862000
36703100
38080000
7786500
2731700
45941700
2877800
8051800
970600
22542000
64050800
29070100
36620800
31084100
631100
27054100
57800
66429200
1260100
112300
13979200
1935900
73405300
427400
26892200
79500
55511800
69444500
17670100
704100
34992400
1422400
60740100
1015500
2209500
39965500
13447100
21080400
1982700
5543000
17635000
16087000
3300
6855500
3720400
6550200
15706300
3940200
12592200
19999300

93
378
262
244
204
497
414
100
12
249
74
207
285
433
9
483
120
376
124
316
96
157
384
44
174
91
433
187
272
287
10
287
227
267
166
127
351
299
131
437
90
157
78
391
452
33
450
325
139
111
109
394
405
220
149
431
151
224
95
335
478
360
398
374
79
359
23
494
105
35
286
129
467
65
360
29
463
491
311
78
399
112
468
95
134
416
273
327
131
196
304
300
1
214
168
212
299
172
269
311

30894200
3404200
84500200
12485100
76610400
59300
150600
51900
13751800
1351100
12000
29505600
75300
48003200
10232500
17751000
23815000
2879300
35931800
35563500
4010000
4550500
39332100
40600
16795800
17679600
152600
7878800
59324000
779500
14295800
58947600
145600
2425200
1164500
196400
522700
2959100
4202900
2025300
56200
3184500
4998500
23629600
38475700
3300
853200
21094300
136000
57852800
279400
39758100
14298300
10328000
27638100
10378000
767100
24788700
918500
43050500
71788800
1088000
6945100
71630200
25700
69222200
166800
9261500
13158800
3278100
5665300
40744700
1803700
132500
163400
2745100
44068400
28376300
29402800
6700200
57600
47400
2796600
20497300
863500
31212500
120600
9111500
8066600
1245300
231300
126300
26989900
13748700
22035900
1381000
624500
37375500
20226600
231000

147
117
446
223
472
9
24
12
272
104
8
358
25
396
253
300
335
149
381
388
161
177
395
18
286
298
39
221
457
84
278
462
36
131
100
41
71
149
170
126
25
153
180
329
404
1
85
320
35
439
52
396
268
256
363
252
86
354
74
421
488
99
209
447
7
494
43
244
270
161
189
418
123
40
45
149
431
367
371
212
27
25
153
327
80
340
37
240
223
106
51
40
357
279
339
113
81
406
322
51

21038800
854300
33907000
69235500
57289200
57778400
17139300
5317800
46516900
405200
306300
18078700
19401300
70964200
6146100
19538700
7022500
9964700
1993900
10328000
3125900
64608700
159100
988200
23670200
17493900
59312000
20896100
3742700
178400
6287900
698300
18462200
169900
23708800
83210400
4637000
20872500
17624500
48310400
2297100
25488900
38215800
32900
24998700
17969800
17739500
112800
57553900
19594000
38643300
46810900
2991700
42748800
14275500
52289000
274800
3508600
39206000
57600
14000
2318100
35934600
36990300
122400
1760400
38634300
37772000
26298900
691400
46700
57413600
464500
1013800
785300
5559600
35997300
10869800
60000
24400
34411400
49194300
60033300
47506300
2170500
29568900
876800
462300
93900
40185600
127400
824100
45700
32874200
55014200
1572400
53060100
712000
5452500
913300

150
31
298
405
394
405
268
179
371
64
55
262
277
476
197
278
173
222
107
233
156
474
39
98
330
307
473
313
149
37
179
81
314
40
256
494
184
317
296
441
133
334
395
6
338
307
313
27
494
331
416
461
154
451
304
457
57
175
431
24
10
140
384
412
36
133
435
425
366
88
25
490
75
105
95
202
419
272
27
18
400
464
497
465
137
380
92
73
33
436
36
94
17
403
486
128
483
90
198
101
